8.708999633789062,-1.9390000104904175,-0.6759999990463257,-0.4909546646572492,-0.8437527310648527,-0.2168982389783062
8.684000015258789,-1.9079999923706055,-0.7279999852180481,0.45527933542556953,0.7692433460148319,0.4483139539946953
8.619000434875488,-1.8910000324249268,-0.6660000085830688,0.6910659615513044,0.6799397174279977,0.24517303573008503
8.633000373840332,-1.8680000305175781,-0.722000002861023,0.6575160615237705,0.6048922370398171,0.449197073017217
8.67300033569336,-1.9220000505447388,-0.5630000233650208,0.5621416862524482,0.8234746803937032,-0.07672141374963379
8.604000091552734,-1.8589999675750732,-0.6639999747276306,0.8302166720370787,0.5220903441883781,0.19535083817823354
8.642000198364258,-1.8869999647140503,-0.5590000152587891,0.7558545057269211,0.609229082008603,-0.2398413888536893
8.597999572753906,-1.88100004196167,-0.6079999804496765,0.7158316686942521,0.6759752469954063,-0.17504995728049116
8.65999984741211,-1.8600000143051147,-0.7829999923706055,0.6910771612101184,0.6309739807282164,0.3525396330879023
8.61400032043457,-1.8530000448226929,-0.5559999942779541,0.9474613590968235,0.23189607839021845,-0.22032063418036377
8.64799976348877,-1.8300000429153442,-0.781000018119812,-0.6866385127296453,-0.6757793829421836,-0.2680480897650691
8.585000038146973,-1.850000023841858,-0.6060000061988831,0.8636626357408139,0.4874484542013482,-0.12837778671540656
8.588000297546387,-1.843999981880188,-0.7170000076293945,0.7727293776775731,0.525532625050754,0.3559561333665907
8.586000442504883,-1.815000057220459,-0.7160000205039978,0.8106675600155722,0.4485040558326281,0.376380417981703
8.571000099182129,-1.8240000009536743,-0.6600000262260437,0.9257668187296677,0.33884540772696553,0.16774858271084359
8.817000389099121,-1.965999960899353,-0.7429999709129333,0.6399333167614731,0.5134451226102519,-0.5717162374521152
8.602999687194824,-1.8220000267028809,-0.5550000071525574,0.9092711569473411,0.11192059825162125,-0.40087372429562307
8.798999786376953,-1.9040000438690186,-0.7990000247955322,0.9180844467346416,0.12974512337223948,-0.3745492646169124
8.571000099182129,-1.7960000038146973,-0.6600000262260437,0.9835475138852924,0.10454782354522288,0.1473229124135739
8.621000289916992,-1.7960000038146973,-0.7770000100135803,0.8221746125272404,0.5085457899065909,-0.2557539561452836
8.567999839782715,-1.8040000200271606,-0.6039999723434448,0.9094496923833935,0.29875220775341804,-0.2892202886835731
8.597000122070312,-1.7920000553131104,-0.5540000200271606,0.8895004268871668,0.10721550029150442,-0.44417769762201104
8.812000274658203,-1.9359999895095825,-0.8009999990463257,0.7965729852278101,0.2664448003799721,-0.5426588684945008
8.623000144958496,-1.8259999752044678,-0.5059999823570251,0.8607930889533939,-0.022331767323400697,-0.5084648957187585
8.618000030517578,-1.7669999599456787,-0.7760000228881836,0.8141322659328977,0.38907380661783175,-0.43105710360795113
8.552000045776367,-1.8289999961853027,-0.6029999852180481,0.8713292815293306,0.4072969584779468,-0.2736685417876777
8.614999771118164,-1.8530000448226929,-0.5059999823570251,0.8873508735823395,0.21998354631550743,-0.40523532237838283
8.597999572753906,-1.7649999856948853,-0.5529999732971191,0.9034511208513806,-0.0178413377162078,-0.4283196924037937
8.562999725341797,-1.7660000324249268,-0.6579999923706055,0.9909359198625898,0.016178384139892244,0.13335764924707189
8.57699966430664,-1.7569999694824219,-0.7139999866485596,0.9885916308326756,0.08354032452778234,0.12532997097814827
8.623000144958496,-1.7979999780654907,-0.5049999952316284,0.9229305868315049,0.011778107257582777,-0.3847861848875077
8.751999855041504,-1.8860000371932983,-0.8479999899864197,0.9025024702871979,-0.4229643706947564,-0.08118147724878248
8.600000381469727,-1.8769999742507935,-0.5049999952316284,-0.4425380105775163,0.8937479008446532,-0.0733130201933449
8.553999900817871,-1.7799999713897705,-0.7120000123977661,0.9742942715512047,0.19348373355224296,0.11538941577628348
8.569000244140625,-1.7480000257492065,-0.6029999852180481,0.9121817149677582,-0.22797107165559777,-0.3405197635478414
8.61400032043457,-1.7259999513626099,-0.5540000200271606,0.856213383369439,-0.2973835384495919,-0.4224472430946359
8.595999717712402,-1.7029999494552612,-0.6600000262260437,0.8054944609813309,-0.5688605980036909,-0.16606111335071275
8.600000381469727,-1.7369999885559082,-0.5529999732971191,0.8752112354603409,-0.28336677533583166,-0.3920568376648418
8.583000183105469,-1.7230000495910645,-0.6039999723434448,0.779054041582918,-0.5566191722685909,-0.28853058305203844
8.562000274658203,-1.7380000352859497,-0.6579999923706055,0.9840999795878523,-0.16856337191048412,-0.05597874440675327
8.675999641418457,-1.680999994277954,-0.5590000152587891,0.43568130924433135,-0.7997204292963049,-0.41307267125928215
8.616999626159668,-1.7680000066757202,-0.5040000081062317,0.9311814381965049,-0.02352147446102057,-0.36379646699420853
8.769000053405762,-1.9179999828338623,-0.8510000109672546,0.986471803028976,-0.1638653725935591,0.004639126376311323
8.63700008392334,-1.7139999866485596,-0.7770000100135803,0.8538374735061341,0.010295743582183705,-0.5204378603644739
8.670999526977539,-1.8459999561309814,-0.4519999921321869,0.7373623869559046,-0.23386532478461464,-0.6337221158884053
8.604000091552734,-1.7359999418258667,-0.7739999890327454,0.9279386895661483,-0.10718632343938908,-0.35698862793344777
8.628000259399414,-1.7000000476837158,-0.5550000071525574,0.5208290142551664,-0.7225209016555758,-0.4546434697439367
8.678000450134277,-1.819000005722046,-0.4519999921321869,-0.6866128154107489,0.013179735157328966,0.7269038012659635
8.562999725341797,-1.7239999771118164,-0.6579999923706055,0.92573374279826,-0.3620922126935878,-0.10911584189010615
8.611000061035156,-1.6779999732971191,-0.6610000133514404,0.7522059085123576,-0.6324994435495381,-0.1847450272906504
8.678999900817871,-1.8049999475479126,-0.4519999921321869,-0.6931831530087491,-0.004719908882517542,0.7207460293647061
8.623000144958496,-1.6749999523162842,-0.6060000061988831,-0.588116506495111,0.7361380265448098,0.3349922098537515
8.715999603271484,-1.659999966621399,-0.5619999766349792,0.2932844207996857,-0.8963167895332212,-0.3325664765382292
8.762999534606934,-1.9459999799728394,-0.8510000109672546,0.9807815844574869,0.13207249074790303,-0.1436117710241982
8.663999557495117,-1.7070000171661377,-0.5070000290870667,-0.542601118692879,0.7163835014071311,0.43860996899853444
8.53600025177002,-1.7699999809265137,-0.6000000238418579,0.9571471024585555,-0.21018605031473894,-0.19922662600235366
8.618000030517578,-1.7400000095367432,-0.5040000081062317,0.7936462687259036,-0.3682032688971024,-0.4843056399743232
8.847000122070312,-1.9730000495910645,-0.8050000071525574,0.6399333167614731,0.5134451226102519,-0.5717162374521152
8.5600004196167,-1.725000023841858,-0.7110000252723694,0.9704580320283542,-0.2312756609809218,-0.06872246146269424
8.684000015258789,-1.6349999904632568,-0.6679999828338623,-0.4489134630970344,0.8564996262798605,0.25472552450173996
8.58899974822998,-1.8220000267028809,-0.828000009059906,0.70044048904299,0.7054607442175073,0.10820471189970404
8.579999923706055,-1.6950000524520874,-0.6029999852180481,0.7686760177277948,-0.5920919155602522,-0.24200070929303064
8.621000289916992,-1.7269999980926514,-0.5040000081062317,0.7539831003031103,-0.5335907018969371,-0.38313241484693483
8.625,-1.6610000133514404,-0.6060000061988831,-0.588116506495111,0.7361380265448098,0.3349922098537515
8.574999809265137,-1.7000000476837158,-0.7120000123977661,0.8593019307582509,-0.5023115205429933,-0.09635002919007363
8.664999961853027,-1.7740000486373901,-0.44999998807907104,-0.6783231974336716,0.001780526539436255,0.7347615052168986
8.616000175476074,-1.6660000085830688,-0.7160000205039978,-0.6740747357779989,0.7223866578370433,-0.15421013963046468
8.765000343322754,-1.975000023841858,-0.8519999980926514,0.9859125353691895,0.12353753224760539,0.11276059031447316
8.64900016784668,-1.6740000247955322,-0.7770000100135803,-0.6837645421082084,-0.6487831368326358,0.3339857666385773
8.618000030517578,-1.6510000228881836,-0.6620000004768372,0.5437893183401453,-0.8195492400253972,-0.18064390505343408
8.6850004196167,-1.7489999532699585,-0.45100000500679016,0.8666410615570947,0.008138380151016825,0.4988657506701672
8.583000183105469,-1.7920000553131104,-0.8270000219345093,0.9270060071364766,0.367860336660046,0.07306596639506065
8.670999526977539,-1.6799999475479126,-0.5070000290870667,0.453564667066512,-0.828743551630094,-0.32781583003323944
8.619000434875488,-1.6829999685287476,-0.7739999890327454,-0.6837645421082084,-0.6487831368326358,0.3339857666385773
8.854999542236328,-1.6490000486373901,-0.6269999742507935,-0.6221552127722136,0.745740688084422,0.23831432469689084
8.678999900817871,-1.8229999542236328,-0.8899999856948853,-0.5716001392917663,-0.7637411025527129,-0.29995467829857203
8.576000213623047,-1.6729999780654907,-0.7120000123977661,0.7555362908091257,-0.6215087781486784,-0.20710323984555404
8.569999694824219,-1.7760000228881836,-0.824999988079071,0.9512321849589183,0.0958495430149676,-0.293206745151104
8.623000144958496,-1.6399999856948853,-0.7160000205039978,0.41886967844426115,-0.8906235801767132,0.17702494432484672
8.675999641418457,-1.718999981880188,-0.44999998807907104,0.8898167892586545,-0.45631660626510623,0.0011119353018043537
8.576000213623047,-1.7489999532699585,-0.824999988079071,0.9996146778630148,0.027004416026317084,0.006423185806007322
8.86299991607666,-1.6399999856948853,-0.6850000023841858,0.4264732817626809,-0.8455670329503654,-0.32114939316474567
8.718999862670898,-1.6990000009536743,-0.453000009059906,0.5729292281521279,-0.8195840193097178,0.005842501273864696
8.789999961853027,-2.009999990463257,-0.8560000061988831,0.7694362841329083,0.5755956366312533,-0.2768708503089562
8.626999855041504,-1.784000039100647,-0.8820000290870667,0.6066179687633748,0.5678328341979803,0.556399597753347
8.888999938964844,-1.694000005722046,-0.5249999761581421,-0.13907775604682582,-0.9306587203027558,-0.33842535971380233
8.803000450134277,-1.8919999599456787,-0.906000018119812,0.9817819448084338,0.10602354116763058,0.15768075838999826
8.812000274658203,-1.8650000095367432,-0.9070000052452087,0.9817819448084338,0.10602354116763058,0.15768075838999826
8.795000076293945,-1.9190000295639038,-0.906000018119812,0.9572060536910776,-0.13564080759766584,-0.25565238526445844
8.574999809265137,-1.7209999561309814,-0.8240000009536743,0.9749913592192958,-0.10855791969764184,0.19392531428008675
8.66100025177002,-1.930999994277954,-0.40799999237060547,0.39778346094176686,-0.6710744391134772,-0.6256416029722782
8.885000228881836,-2.009999990463257,-0.8109999895095825,-0.48224575613670667,-0.7935748475357818,0.3710498511611296
8.850000381469727,-1.6260000467300415,-0.7390000224113464,0.313939424721859,-0.8851518685660503,-0.3434358851071593
8.793000221252441,-1.9479999542236328,-0.906000018119812,0.9672247222744302,0.18382015036925273,-0.1751755945883353
8.918000221252441,-1.6690000295639038,-0.5789999961853027,0.8101035968002546,-0.5127390652322871,-0.28430760354941487
8.609000205993652,-1.7519999742507935,-0.8790000081062317,0.9521344110852777,-0.016867694920441323,0.30521393168622335
8.822999954223633,-1.684999942779541,-0.8519999980926514,0.28541633159310076,0.509222160297076,-0.8119299902838403
8.579000473022461,-1.6929999589920044,-0.8240000009536743,0.9467865980804581,-0.3176758446709228,0.05174162161982397
8.897000312805176,-1.6670000553131104,-0.5249999761581421,-0.13907775604682582,-0.9306587203027558,-0.33842535971380233
8.539999961853027,-1.875,-0.4429999887943268,0.5416969557957134,-0.42012606384452433,0.7280511647955543
8.609999656677246,-1.7239999771118164,-0.8790000081062317,0.7964010024115541,0.07088833766322104,-0.600599939178499
8.906999588012695,-1.6380000114440918,-0.5770000219345093,0.7773056044341004,-0.5774413827750849,-0.24971473079122863
8.588000297546387,-1.6670000553131104,-0.8240000009536743,0.758406979022212,-0.6512840713381289,-0.025454127202348357
8.803999900817871,-1.9789999723434448,-0.9089999794960022,0.9028362617273284,0.15629832810678404,-0.40057148817813654
8.894000053405762,-1.6160000562667847,-0.6880000233650208,0.5617874958003994,-0.7970760239723186,-0.22150535336825514
8.487000465393066,-1.8799999952316284,-0.4959999918937683,0.5954779122850707,-0.12134408621407267,-0.7941546881568384
8.897000312805176,-1.7039999961853027,-0.4659999907016754,-0.42510649343860385,-0.9046629742557161,0.029485119079561122
8.76099967956543,-1.878999948501587,-0.9470000267028809,0.7609904192484502,-0.1263536000764113,-0.6363398066754886
8.527999877929688,-1.843999981880188,-0.4410000145435333,-0.38483980117478855,0.5362589094868259,-0.7512154880110967
8.782999992370605,-1.8550000190734863,-0.9490000009536743,0.7609904192484502,-0.1263536000764113,-0.6363398066754886
8.861000061035156,-1.5989999771118164,-0.7400000095367432,0.313939424721859,-0.8851518685660503,-0.3434358851071593
8.609999656677246,-1.6959999799728394,-0.878000020980835,0.7738356380024456,-0.0952216720479103,-0.626187862010873
8.586000442504883,-1.7869999408721924,-0.4009999930858612,-0.4606001063526236,0.8226455645895847,0.33331939200867844
8.892000198364258,-1.6369999647140503,-0.5239999890327454,0.8908432866927364,-0.41678436769191923,-0.18080107688321362
8.769000053405762,-1.909999966621399,-0.9490000009536743,0.7828718211849204,-0.10148192412204342,-0.6138510655452949
8.75,-1.6779999732971191,-0.41100001335144043,-0.3434966878456789,0.8885721630333825,-0.30405515374882963
8.753000259399414,-1.934999942779541,-0.9470000267028809,0.7407439213725718,0.012954440363700024,-0.6716625830165384
8.526000022888184,-1.9279999732971191,-0.44200000166893005,0.2659643018281908,0.6262533343762314,-0.7328504290342572
8.592000007629395,-1.7599999904632568,-0.4009999930858612,-0.4343774749349357,0.9002185500807505,-0.030377151934653207
8.633999824523926,-1.7120000123977661,-0.40299999713897705,0.5392264565192314,-0.8293322898522104,-0.1464335398677595
8.807000160217285,-2.009000062942505,-0.9100000262260437,0.8818932398144612,0.16125430447970396,-0.4430139533426909
8.51099967956543,-1.8960000276565552,-0.4410000145435333,-0.30973559345567836,-0.7582513966093551,0.5736886626791757
8.60099983215332,-1.7330000400543213,-0.4020000100135803,0.7096613647168566,-0.7045110189046252,0.006706092019610796
8.621000289916992,-1.6699999570846558,-0.8790000081062317,0.8585566800547846,-0.5005734419846846,-0.11093536998140727
8.463000297546387,-1.9739999771118164,-0.5460000038146973,0.9411596907988321,-0.047319206132713815,0.33463312619407015
8.64900016784668,-1.687000036239624,-0.40400001406669617,-0.2241015745185339,0.9618144691103427,-0.15713500981100156
8.77299976348877,-1.9539999961853027,-0.949999988079071,0.7710395119047014,0.07345105123179775,-0.6325369666309658
8.684000015258789,-1.9190000295639038,-0.3479999899864197,0.832933176028429,0.18626648691349085,0.5210826423170326
8.593999862670898,-1.7580000162124634,-0.9229999780654907,0.9530310834678566,0.2959461212719442,0.06440223014908467
8.918000221252441,-1.6109999418258667,-0.578000009059906,0.7773056044341004,-0.5774413827750849,-0.24971473079122863
8.470000267028809,-2.003999948501587,-0.546999990940094,0.9549752998696055,0.03438033628050367,0.29468656080010874
8.550000190734863,-1.7929999828338623,-0.39899998903274536,0.7613278270673735,-0.6467502144567533,-0.04576133556852464
8.758000373840332,-1.9800000190734863,-0.9490000009536743,0.7425502676014833,0.07585426294789463,-0.6654812024975588
8.864999771118164,-1.600000023841858,-0.7990000247955322,0.8668078885087541,-0.4846921711275941,-0.11712208872204471
8.916999816894531,-1.6380000114440918,-0.8059999942779541,0.8668078885087541,-0.4846921711275941,-0.11712208872204471
8.597999572753906,-1.7309999465942383,-0.9229999780654907,0.8421058747731256,0.10679096486697875,-0.5286335077304203
8.451000213623047,-1.8860000371932983,-0.49300000071525574,0.5954779122850707,-0.12134408621407267,-0.7941546881568384
8.454999923706055,-1.9149999618530273,-0.49399998784065247,0.7100004690580087,0.017482465112732215,-0.7039841598722161
8.854999542236328,-1.6699999570846558,-0.4180000126361847,-0.08590436722803335,-0.9961898602241528,0.015040015882106012
8.65999984741211,-1.6349999904632568,-0.8830000162124634,0.6306922863237829,-0.428520976886552,-0.6469907358995763
8.628000259399414,-1.6430000066757202,-0.8790000081062317,0.795116184889189,-0.5553050854753135,-0.2437755413746751
8.826000213623047,-2.0420000553131104,-0.9129999876022339,0.8818932398144612,0.16125430447970396,-0.4430139533426909
8.640000343322754,-1.781999945640564,-0.34299999475479126,-0.6641555119081373,0.725992433412489,0.1784164864295122
8.77299976348877,-2.01200008392334,-0.9520000219345093,0.6815369263961417,0.17292483227217587,-0.7110586616743658
8.670000076293945,-1.7309999465942383,-0.3440000116825104,0.8271079693880031,-0.5576340881207258,-0.07026116096835369
8.458000183105469,-2.0290000438690186,-0.546999990940094,0.9035206890550993,0.10258362808386975,-0.4160852841648558
8.595999717712402,-1.687999963760376,-0.9210000038146973,0.8006439961702565,-0.22192908415374585,-0.5565219429664943
8.855999946594238,-1.5700000524520874,-0.7979999780654907,0.8668078885087541,-0.4846921711275941,-0.11712208872204471
8.916999816894531,-1.5809999704360962,-0.7450000047683716,0.313939424721859,-0.8851518685660503,-0.3434358851071593
8.5649995803833,-1.7100000381469727,-0.9179999828338623,0.8281998012066015,0.009056732465715492,-0.5603597637932171
8.447999954223633,-1.9700000286102295,-0.4950000047683716,0.8296563141277226,-0.21424440156301555,0.5155285994267508
8.437000274658203,-1.9390000104904175,-0.49300000071525574,0.9074486261988235,0.009049819550759453,-0.42006558008954614
8.685999870300293,-1.7059999704360962,-0.3449999988079071,0.8479977927024179,-0.41612044443455337,-0.3282430795849579
8.621999740600586,-1.75,-0.34200000762939453,0.31221313928998334,-0.9231814434152648,0.22418514265758707
8.503000259399414,-1.8109999895095825,-0.3959999978542328,0.5313949580736976,-0.8461033452495502,-0.04157556603792325
8.977999687194824,-1.690999984741211,-0.47200000286102295,0.11745224350386202,0.991149224151733,0.06187233597761388
8.906999588012695,-1.6649999618530273,-0.42100000381469727,0.3648256821282876,0.9147226294486097,0.17373754008345788
8.845000267028809,-1.625,-0.4169999957084656,-0.06899699315052422,-0.981330933833151,-0.17952440847512194
8.767999649047852,-2.0399999618530273,-0.9520000219345093,0.8152814752233896,0.5691060512724098,-0.10693184073370735
8.45199966430664,-1.9980000257492065,-0.4950000047683716,0.9411596907988321,-0.047319206132713815,0.33463312619407015
8.682000160217285,-1.690999984741211,-0.3449999988079071,-0.5418971986303021,0.8304333127151063,-0.129336534860206
8.465999603271484,-2.072999954223633,-0.5479999780654907,0.6815083139820716,0.09152718966525392,-0.7260641786545421
8.45300006866455,-2.055999994277954,-0.546999990940094,0.9035206890550993,0.10258362808386975,-0.4160852841648558
8.557000160217285,-1.8630000352859497,-0.33899998664855957,-0.5285093159810849,-0.691579896181077,-0.4923364196556825
8.586000442504883,-1.6579999923706055,-0.9190000295639038,0.7957570855731493,-0.19523580097128124,-0.5732832134113379
8.855999946594238,-1.6959999799728394,-0.35499998927116394,-0.033494968001304845,-0.9992180472329855,-0.021009074289234028
8.618000030517578,-1.6369999647140503,-0.9229999780654907,0.6306922863237829,-0.428520976886552,-0.6469907358995763
8.47599983215332,-1.8329999446868896,-0.39500001072883606,0.27357642884708494,-0.8358614583513683,0.47591129427867085
8.54699993133545,-1.847000002861023,-0.33799999952316284,-0.5285093159810849,-0.691579896181077,-0.4923364196556825
8.692999839782715,-1.7269999980926514,-0.9959999918937683,0.36598128009773423,-0.8191497391353996,-0.44164624700367494
8.472000122070312,-1.8600000143051147,-0.39500001072883606,-0.5428421280822591,-0.6444188076641048,0.5385599542371288
8.545999526977539,-1.7910000085830688,-0.33799999952316284,0.7626275662465115,0.45962159557651083,0.45513424841537165
8.538999557495117,-1.8170000314712524,-0.3370000123977661,0.675858313101409,0.5754918507163171,0.46046136686026773
8.470999717712402,-2.1019999980926514,-0.5490000247955322,0.5389773752177313,0.09615708873724146,-0.8368137207819812
8.680999755859375,-1.6959999799728394,-0.9940000176429749,0.8543150973871708,-0.030842908573958074,-0.5188395025121424
8.902000427246094,-1.5490000247955322,-0.8019999861717224,0.313939424721859,-0.8851518685660503,-0.3434358851071593
8.678000450134277,-1.6820000410079956,-0.9929999709129333,-0.679888893927353,-0.00576418845345117,0.7332924832873399
8.605999946594238,-1.6059999465942383,-0.9200000166893005,0.6306922863237829,-0.428520976886552,-0.6469907358995763
9.031999588012695,-1.6859999895095825,-0.4749999940395355,0.11745224350386202,0.991149224151733,0.06187233597761388
8.649999618530273,-1.5870000123977661,-0.9259999990463257,-0.4704247330335849,0.8822602172776703,-0.017817956095986964
8.579999923706055,-1.8980000019073486,-0.2939999997615814,-0.47245953272766245,-0.8795698418230734,-0.05602573774697185
8.843999862670898,-1.9450000524520874,-1.0219999551773071,0.8377816570947189,-0.22332495186603035,0.4982447801128099
8.67300033569336,-1.652999997138977,-0.9919999837875366,-0.679888893927353,-0.00576418845345117,0.7332924832873399
8.937999725341797,-1.6820000410079956,-0.36000001430511475,0.16228533754825403,0.9867177557773061,-0.007179112107072935
8.83899974822998,-1.9730000495910645,-1.0219999551773071,0.7655517160431307,-0.5136032115148195,-0.3874820140149492
8.61299991607666,-1.722000002861023,-0.2939999997615814,-0.2678826527764391,0.6868273226490147,-0.6756531012318705
8.675000190734863,-1.6779999732971191,-0.296999990940094,0.199660779351186,-0.9177849499526298,0.34322930939726853
8.875,-1.9229999780654907,-1.0260000228881836,0.8719775773127215,-0.3789688559355998,-0.3098995174160476
8.413000106811523,-2.1050000190734863,-0.5960000157356262,0.5226281790335283,0.1334857016997847,-0.8420459333800112
8.835000038146973,-2.000999927520752,-1.0230000019073486,0.7860008615152456,-0.18370462405378588,-0.5903009883089719
8.708999633789062,-1.656000018119812,-0.2980000078678131,0.199660779351186,-0.9177849499526298,0.34322930939726853
8.694000244140625,-1.628000020980835,-0.9940000176429749,-0.6628214965804413,0.22444601346934473,0.714347010008849
8.609000205993652,-1.6929999589920044,-0.2930000126361847,-0.3199087639267897,0.7765170714828755,-0.5428440111657238
8.694999694824219,-1.600000023841858,-0.9929999709129333,0.9947677783638186,0.042916934039596864,-0.0927103225199536
8.857999801635742,-2.0360000133514404,-1.0269999504089355,0.8337357614339843,0.19636419946946979,-0.5160676130826354
8.831999778747559,-2.059000015258789,-1.0240000486373901,0.7442363651017813,0.27354642490179,-0.6093312615347561
8.496000289916992,-1.8509999513626099,-0.289000004529953,0.8093558220919793,0.4458836695066474,0.3822707241119875
8.395999908447266,-2.128999948501587,-0.5950000286102295,0.5042145919474964,0.15776906129255683,-0.8490445032894828
8.923999786376953,-1.6690000295639038,-0.3100000023841858,0.18753293832526682,0.9784344023082653,0.086588206025757
8.425999641418457,-2.1649999618530273,-0.5989999771118164,0.5042145919474964,0.15776906129255683,-0.8490445032894828
8.642000198364258,-1.6770000457763672,-1.0479999780654907,0.910636618379935,0.36283898709882945,-0.19770892419577818
8.526000022888184,-1.718000054359436,-0.289000004529953,-0.6180835818864782,0.786111225137643,0.0013518561220377742
8.706000328063965,-1.5740000009536743,-0.9940000176429749,0.9659458548227651,-0.24154589033245222,-0.09275876462211313
8.586000442504883,-1.8839999437332153,-0.23800000548362732,0.4774552413552844,0.8583988318636555,-0.18758448218730345
8.480999946594238,-1.8200000524520874,-0.2879999876022339,0.9554346321489309,0.17562988680862793,0.23727369544478805
8.756999969482422,-1.6770000457763672,-0.24400000274181366,0.048680422424408176,0.9973039083935074,0.05491020647945691
8.479999542236328,-1.7920000553131104,-0.28700000047683716,0.9893646589880386,0.09121780368038665,-0.11329997280321094
8.807999610900879,-1.9850000143051147,-1.0800000429153442,0.8219249892115728,-0.5199817885759744,-0.23250430460291824
8.486000061035156,-1.7660000324249268,-0.28700000047683716,0.8864016996145772,-0.4419151463802861,-0.13785147920889143
8.782999992370605,-2.007999897003174,-1.0770000219345093,0.9725186102724979,0.0089778347440232,-0.23265199581554985
8.628000259399414,-1.6460000276565552,-1.0449999570846558,0.9746580693033133,0.168806383441812,-0.14678573790131533
8.48799991607666,-1.7380000352859497,-0.28700000047683716,0.8481916412567594,-0.4944049426641019,-0.19009127379096338
8.848999977111816,-1.965000033378601,-1.0850000381469727,0.7130054560900015,-0.6846870784903534,-0.15108548617995765
8.79699993133545,-2.0260000228881836,-1.0800000429153442,0.9206876828275968,0.24995022037096226,-0.299765038031552
8.862000465393066,-2.0950000286102295,-1.0290000438690186,0.8208230220572972,0.5205537805910877,-0.23510280298850553
8.39799976348877,-2.171999931335449,-0.5960000157356262,0.5042145919474964,0.15776906129255683,-0.8490445032894828
8.878000259399414,-1.9420000314712524,-1.0880000591278076,0.7130054560900015,-0.6846870784903534,-0.15108548617995765
8.626999855041504,-1.6180000305175781,-1.0440000295639038,0.9909806351996062,-0.08855485020757779,0.10057544016358304
8.61400032043457,-1.6779999732971191,-0.2370000034570694,0.2950654853338507,-0.9553754565600207,-0.013931847236859238
8.640999794006348,-1.6069999933242798,-1.0460000038146973,0.9081366823035251,-0.3921040806255593,-0.14677246407801087
8.413999557495117,-2.2039999961853027,-0.5989999771118164,0.5042145919474964,0.15776906129255683,-0.8490445032894828
8.508000373840332,-1.8389999866485596,-0.23399999737739563,0.8544669314602348,0.3072281015465509,-0.41892380770377924
8.541000366210938,-1.7200000286102295,-0.23399999737739563,0.6845299488202281,-0.5273285915793317,-0.5033322021002967
8.524999618530273,-1.7450000047683716,-0.23399999737739563,0.6079540972386678,-0.6057329613766971,-0.513302440236293
8.557999610900879,-1.6950000524520874,-0.23499999940395355,0.4774967830193565,-0.835134697257982,-0.27303270800763824
8.67199993133545,-1.5839999914169312,-1.0499999523162842,0.8263862791543641,-0.5276152642272107,-0.1967431080873124
8.654999732971191,-1.656000018119812,-1.0889999866485596,0.979520184173501,0.12397655341199651,0.15865063189534837
8.822999954223633,-2.061000108718872,-1.0839999914169312,0.7966661380397864,0.5672246033603618,-0.20875658994017932
8.815999984741211,-1.9609999656677246,-1.121000051498413,0.697900445665279,-0.7148778696367465,-0.04341197350768541
8.802000045776367,-1.9869999885559082,-1.1200000047683716,0.8420890545984249,-0.5194011783950178,-0.1452874392623043
8.430000305175781,-2.236999988555908,-0.6010000109672546,0.5042145919474964,0.15776906129255683,-0.8490445032894828
8.5,-1.7669999599456787,-0.2329999953508377,0.7700265630630974,-0.5066316160348078,-0.387793112124484
8.482000350952148,-1.8049999475479126,-0.23199999332427979,0.9059729181162097,0.13301481251134387,-0.40189567214959065
8.789999961853027,-2.013000011444092,-1.11899995803833,0.9793374112684465,-0.19850562908468664,-0.038649063529542255
8.791000366210938,-1.6859999895095825,-0.19499999284744263,-0.12907510994368487,-0.9806107387939469,-0.14745234808240718
8.567000389099121,-1.8519999980926514,-0.1860000044107437,0.6597793281114259,0.5389528124341436,-0.5236612494410507
8.645000457763672,-1.6260000467300415,-1.0870000123977661,0.9909806351996062,-0.08855485020757779,0.10057544016358304
8.479999542236328,-1.7769999504089355,-0.23199999332427979,0.8915410826004697,-0.1910383377052022,-0.41068096079854444
8.66100025177002,-1.5540000200271606,-1.0470000505447388,0.6947099306196359,-0.5186528185632465,-0.49837472457465276
8.82800006866455,-2.0920000076293945,-1.0859999656677246,0.7924930250807004,0.5953459623095008,-0.1323555452567627
8.652000427246094,-1.687000036239624,-0.18799999356269836,0.17318468927542074,-0.9457033011329008,-0.2750496857422485
8.630999565124512,-1.6089999675750732,-1.0839999914169312,0.9653719826092101,-0.19451912866078222,0.17383683090246735
8.607999801635742,-1.7059999704360962,-0.18700000643730164,0.48311145122793747,-0.7422196377488186,-0.46444949675120595
8.815999984741211,-2.0329999923706055,-1.1230000257492065,0.8926572324705203,0.44783056054288073,-0.05109652005685617
8.550000190734863,-1.7790000438690186,-0.1850000023841858,0.7569972164832107,-0.3451645494258997,-0.5548122637940572
8.534000396728516,-1.8170000314712524,-0.1850000023841858,0.7332922978790328,0.08762313596645256,-0.6742437184836744
8.557999610900879,-1.7519999742507935,-0.1850000023841858,0.6343145214191901,-0.5524752374175984,-0.5407552126028118
8.572999954223633,-1.7269999980926514,-0.1850000023841858,0.6916786417436225,-0.492482236775336,-0.5282441698840222
8.701000213623047,-1.5329999923706055,-1.0520000457763672,0.703900311608408,-0.48713104846283317,-0.5169407054402733
8.713000297546387,-1.8860000371932983,-0.14000000059604645,0.659520423026421,0.5312183681967786,-0.5318269050183554
8.637999534606934,-1.5829999446868896,-1.0850000381469727,0.9147059580082308,-0.3682974163442163,-0.16634308972247622
8.526000022888184,-1.7869999408721924,-0.18400000035762787,0.6470173418690575,-0.40990196731977013,-0.6429221854222182
8.836999893188477,-2.066999912261963,-1.1269999742507935,0.7664484535633722,0.616081034459877,-0.18166157273667669
8.656999588012695,-1.5579999685287476,-1.0870000123977661,0.7705958125270698,-0.47835063170220765,-0.42114459140044047
8.604999542236328,-1.8489999771118164,-0.13500000536441803,0.714560225604451,0.31212866602054407,-0.626082566306036
8.711000442504883,-1.7009999752044678,-0.1379999965429306,0.11182043228426138,-0.9606568859568352,-0.2542332361975458
8.848999977111816,-1.7130000591278076,-0.14300000667572021,0.1405212825252887,0.9007339412642783,0.4110135474798461
8.663999557495117,-1.531000018119812,-1.0870000123977661,0.7501196811233777,-0.5118191408343339,-0.41876202199694
8.64900016784668,-1.6460000276565552,-1.1510000228881836,0.9274204828591216,0.17929811110147148,0.3282429516818271
8.61400032043457,-1.7380000352859497,-0.13500000536441803,0.6817975863226663,-0.6375029138912225,-0.3588064743908437
8.571000099182129,-1.8140000104904175,-0.1340000033378601,0.7664261192769277,0.23627742024098725,-0.5972972328534366
8.57699966430664,-1.7869999408721924,-0.1340000033378601,0.8827312833562028,-0.008257278627508868,-0.46980559674612105
8.791999816894531,-1.9910000562667847,-1.1829999685287476,0.9909083802042984,-0.13354243852813297,-0.01634010871606334
8.585000038146973,-1.7599999904632568,-0.1340000033378601,0.8485776988429904,-0.4039732003553854,-0.3416453459670754
8.616999626159668,-1.7109999656677246,-0.13500000536441803,0.5128851831550374,-0.7913600356579642,-0.3327132141401201
9.232000350952148,-1.6929999589920044,-0.49000000953674316,0.08086551228093221,0.9749611391513369,0.2071510223683916
8.824999809265137,-1.968999981880188,-1.187999963760376,0.9163391996270627,-0.35785331918875757,-0.17962035845756097
8.678000450134277,-1.6230000257492065,-1.1549999713897705,0.9274204828591216,0.17929811110147148,0.3282429516818271
8.869999885559082,-2.1040000915527344,-1.1339999437332153,0.7807501361803091,0.5977946300730793,-0.18185380147310334
8.791000366210938,-2.0199999809265137,-1.184000015258789,0.9826406494413327,0.08031822734994795,-0.1672313858726224
8.6899995803833,-1.5069999694824219,-1.090000033378601,0.7369438524847436,-0.5093537293496389,-0.4443788211453824
8.657999992370605,-1.590999960899353,-1.1510000228881836,0.9764677786635174,0.08824151999854285,0.1967844287038045
8.789999961853027,-2.0490000247955322,-1.184999942779541,0.9654102268292513,0.24584778710010483,-0.08684445584765606
8.664999961853027,-1.86899995803833,-0.07900000363588333,0.540412657598101,0.6724141171918192,-0.505780006039092
8.666000366210938,-1.565000057220459,-1.1519999504089355,0.9799858140740727,0.1889813581445375,0.0625607743512093
8.645000457763672,-1.8359999656677246,-0.07900000363588333,0.5934889552210166,0.4169362672736873,-0.6884293784133204
8.805000305175781,-2.0810000896453857,-1.187999963760376,0.8071087334797793,0.4926821185250826,-0.32533032816862184
8.63599967956543,-1.5449999570846558,-1.1460000276565552,0.9707236326869009,-0.11757406122044779,-0.2094563655544447
8.753000259399414,-1.715999960899353,-0.08100000023841858,-0.058987668638841695,-0.7990413500445264,-0.5983756143657388
8.616000175476074,-1.8009999990463257,-0.07699999958276749,0.7352030596231329,0.3490546923379202,-0.581065644206973
8.65999984741211,-1.7259999513626099,-0.07800000160932541,0.23922014422768795,-0.7367265448570808,-0.6324616357524241
8.593999862670898,-1.7680000066757202,-0.07599999755620956,0.7111750857081826,-0.1316454626250621,-0.6905790828270088
8.607000350952148,-1.7430000305175781,-0.07699999958276749,0.7901375803045037,-0.4523968565359245,-0.4135452676394186
8.64799976348877,-1.5190000534057617,-1.1480000019073486,0.953711090958448,-0.121858004973158,-0.27492868458349096
8.843000411987305,-2.119999885559082,-1.1950000524520874,0.8151250310498678,0.4968717297389564,-0.29780810590407036
8.642999649047852,-1.4900000095367432,-1.1460000276565552,0.953711090958448,-0.121858004973158,-0.27492868458349096
8.729000091552734,-1.8639999628067017,-0.02800000086426735,0.8878638866582664,0.2189451628489097,0.40467361469848984
8.720999717712402,-1.8910000324249268,-0.02800000086426735,0.8743512630153015,0.1301987927729731,0.46750202483412595
8.71500015258789,-1.8329999446868896,-0.027000000700354576,0.92597742129388,0.060936875443148374,0.37262918896023445
8.748000144958496,-1.9259999990463257,-0.028999999165534973,0.8743512630153015,0.1301987927729731,0.46750202483412595
8.704999923706055,-1.8020000457763672,-0.027000000700354576,0.6864272928209771,-0.435921389822821,-0.5820567958244316
8.677000045776367,-1.468000054359436,-1.1510000228881836,0.870704983718625,-0.25479868780539255,-0.42065479911704223
8.72599983215332,-1.777999997138977,-0.027000000700354576,0.2780702455651734,-0.5220191381454454,-0.8063330316570263
8.706000328063965,-1.878000020980835,0.017999999225139618,0.9277357138172285,0.06616637981751375,0.36732608876838824
8.701000213623047,-1.8630000352859497,0.01899999938905239,0.9277357138172285,0.06616637981751375,0.36732608876838824
8.706999778747559,-1.8359999656677246,0.01899999938905239,0.9390053433868637,0.13377878302639473,0.3168157229414206
8.708999633789062,-1.9079999923706055,0.017999999225139618,0.8411684175975277,0.07293141179344406,0.5358327186821334
8.777000427246094,-1.7929999828338623,0.017000000923871994,0.7739174836381234,-0.4222810250582376,-0.47194328514663586
8.696999549865723,-1.8049999475479126,0.01899999938905239,0.9114126659618665,0.03629099190488481,0.4098901270228921
8.706999778747559,-1.9359999895095825,0.017999999225139618,0.8230354391115589,0.1127431244933918,0.5566881118237671
8.654000282287598,-1.5110000371932983,-1.2699999809265137,0.9960813746213937,-0.05170959104637125,-0.07174965732442035
8.652999877929688,-1.4830000400543213,-1.2690000534057617,0.9836684191085,0.010929752380813321,-0.17965795769038018
8.631999969482422,-1.4520000219345093,-1.2649999856948853,0.9836684191085,0.010929752380813321,-0.17965795769038018
8.663000106811523,-1.8930000066757202,0.08100000023841858,0.9824132379117594,0.14481384609459025,-0.11786933424358237
8.684000015258789,-1.7829999923706055,0.08100000023841858,0.5171087329059679,-0.835916006102209,0.18396464088111097
8.642000198364258,-1.8600000143051147,0.0820000022649765,0.9763574287803478,0.018780361597182653,-0.2153450006006804
8.652999877929688,-1.8049999475479126,0.0820000022649765,0.8632910764979875,-0.5043765381015365,0.018243493406010086
8.647000312805176,-1.9179999828338623,0.08100000023841858,0.8935785718256393,0.42144759786117536,0.15459384926670178
8.661999702453613,-1.934999942779541,0.08100000023841858,0.8021385963122436,0.5139481784886106,0.3040245748857528
8.631999969482422,-1.8289999961853027,0.0820000022649765,0.952098246618717,-0.22225738076903856,-0.21002520200978608
8.642000198364258,-1.4259999990463257,-1.2660000324249268,0.91092905469603,-0.17316392646018627,-0.3744629646353404
8.59000015258789,-1.7359999418258667,0.08299999684095383,0.8448169272545545,0.5162986468077738,-0.14042815504247966
8.642999649047852,-1.3980000019073486,-1.2649999856948853,0.9012388357157017,-0.3122566194029475,-0.30044028464380257
8.675999641418457,-1.3890000581741333,-1.2699999809265137,0.9084872915054734,-0.31260197247253657,-0.27736410722970034
8.680999755859375,-1.3619999885559082,-1.2699999809265137,0.8318543689464813,-0.4967754807269325,-0.2474518753478669
8.659000396728516,-1.8680000305175781,0.13600000739097595,0.9038551966114841,-0.01367093692742841,-0.4276200288128956
8.666000366210938,-1.812999963760376,0.13600000739097595,0.7882438832471905,-0.40222624692961717,-0.46570980965006914
8.654999732971191,-1.8389999866485596,0.13600000739097595,0.9460272719936779,-0.09688286970945938,-0.3092670532097782
8.684000015258789,-1.7879999876022339,0.13600000739097595,0.6495050417671105,-0.5673890848424401,-0.5061747001982244
8.736000061035156,-1.7699999809265137,0.13600000739097595,0.5414384876725079,-0.6314441934993221,-0.5550879160663635
8.652999877929688,-1.8949999809265137,0.13600000739097595,0.9581806873825744,0.21384519449525768,-0.1901578373834282
8.689000129699707,-1.9459999799728394,0.13600000739097595,0.8610753165869689,0.3001500904766431,-0.41043784225082675
8.651000022888184,-1.9229999780654907,0.13600000739097595,0.9151833166733373,0.26925762632530703,-0.2998996958125347
8.718000411987305,-1.8339999914169312,0.19300000369548798,0.7641486100312156,-0.403276360695909,-0.503433291202742
8.704000473022461,-1.8589999675750732,0.19300000369548798,0.803131582013573,-0.4128454794010845,0.42957918025721925
8.739999771118164,-1.8240000009536743,0.19300000369548798,0.8084927399676672,-0.479232634778277,-0.3415780601605497
8.706000328063965,-1.8880000114440918,0.19300000369548798,0.8269835878149719,-0.08636689535669108,0.5555527921549163
8.699999809265137,-1.9160000085830688,0.19300000369548798,0.9925122845175127,0.014885778892637258,-0.12123439556737828
8.717000007629395,-1.9479999542236328,0.19300000369548798,0.7912265575456215,0.5006631536031183,-0.35113664186280197
8.75,-1.9839999675750732,0.19300000369548798,0.7912265575456215,0.5006631536031183,-0.35113664186280197
8.616999626159668,-1.7699999809265137,0.19300000369548798,0.7864722829733826,0.5931481895588204,-0.17215276163259358
8.729000091552734,-1.8229999542236328,0.23499999940395355,0.803131582013573,-0.4128454794010845,0.42957918025721925
8.697999954223633,-1.843999981880188,0.23499999940395355,0.803131582013573,-0.4128454794010845,0.42957918025721925
8.6899995803833,-1.871000051498413,0.23499999940395355,0.8680430574533922,-0.3468880699143712,0.3552040503119989
8.670999526977539,-1.8960000276565552,0.23499999940395355,0.8269835878149719,-0.08636689535669108,0.5555527921549163
8.678000450134277,-1.9259999990463257,0.23499999940395355,0.7433367003597913,0.0889730825301489,0.6629738610860166
